function[yeo17, networks] = config_my18_path()

yeo17.s{1} = [16 15 12 14 7];
yeo17.s{2} = [4 1 11]; 
yeo17.s{3} = [5 18];
yeo17.s{4} = [6 2 10 9];
yeo17.s{5} = [8 17 3];
yeo17.s{6} = [13];

networks = [1:18];
